236541422
-3090961368
-3320010078
-17843439
-26299078
-171733309
-978561014
-63135659
-953613238276673536
-337778202
-174618314
-340873660
-29092741
-14377872
-1968962180
-24822993
-27915028
-983483059428261889
-2172895486
-16103326
-1326005070
3090961368
-467238913
-170877963
-262365030
-236541422
-11274452
-92116069
-15008449
-12166822
-17981732
-107225267
-20280065
-26205565
-47756719
-165113012
-34016545
-22255654
-18027434
-25112718
-19864877
-35240968
3320010078
-185868832
-33152005
-3108351
-739133515170729984
-21249970
-26916944
-1367531
-1301794668
-295809589
-35109236
-257667256
-2929491549
-2336573456
-5768872
-95092020
-237348797
-6446742
-3366716093
-1032898632
-222210727
17843439
-15431762
-53754251
-14335435
-204877379
-4047234969
-35969407
-767865990017232896
-111674094
-824116194
-2810067947
-519768524
-33996276
-40179264
-24746929
-3009464528
-15190016
-805799081658503168
-838855010930806784
-868572207202619392
-786779786
26299078
-125361629
-818270360
-880115113579118593
-2486549631
-383328087
-369122874
-575498130
-3333661967
-1077455976
-347954375
-158511322
-69173060
-2482202954
-1436918966
-516923204
-820697128989179904
-935873197920145408
-3044919748
-3185455590
-4181356934
171733309
-377621269
-57412831
-2358478135
-53559835
-3420685485
-3312884329
-1615737216
-334872991
-211258358
-316704002
-163641749
-317395060
-21175250
-1945724101
-42746303
-15065036
-22798591
-167088540
-184592351
-205226703
978561014
-984525371918946304
-19737700
-431698111
-168541923
-63796828
-4720153167
-4754907978
-2693406407
-43919633
-109068219
-41160276
-240454812
-492691126
-69666298
-500704345
-131546062
-24466578
-217632453
63135659
-14862639
-23227396
-16892009
-47739450
-186646579
-2357142594
-856288002435420160
-14669951
-2908170952
-258663718
-21536398
-18266688
-25202268
-1689053928
-83922884
-760922857
-386162487
-1975042196
-3406938525
-33370828
953613238276673536
-2418179106
-520976471
-822507062194118656
-28876983
-94436427
-805461411640049664
-822505449232551936
-946788343991369728
-3035178282
-912396792938905600
-15729119
-3383903883
-4551433697
-783404381337157632
-813850311978811393
-869891729192882176
-202952121
-72882689
-928752870450778118
-82391199
337778202
-34360322
-1355741
-6189042
-7208262
-14587342
-15124287
-15238609
-15454225
-16080857
-18344090
-18906931
-19948192
-21898093
-22215175
-24329876
-24945647
-26347981
-27089550
-27234945
-28325438
174618314
-817297004795547648
-2737541298
-898384265330569216
-947142386735448064
-1350087181
-64687361
-463183170
-232990497
-55954221
-1377477732
-1922861
-810293888548159488
-944580379016646656
-4172116660
-823769212984446976
-2909806519
-233068204
-28523293
-1057645927
-993208245325107200
340873660
-118756393
-169686021
-259001548
-20118767
-823367015830323201
-67064945
-4764686473
-16799621
-246871490
-799764016885329921
-11134252
-17685258
-25413556
-159491661
-118784158
-818928162449068032
-822127086194348032
-729676086632656900
29092741
-18166778
-96369874
-18379614
-232901331
-878247600096509952
-3672584544
-17564591
-54653299
-182433311
-45845303
-531636273
-21261661
-22286602
-21829541
-226194552
-33485159
14377872
-929399289436147713
-36397873
-26861998
-1322420269
-372830194
-118262893
-22434517
-570416098
-374019904
-49592035
-887738369102557187
-861765361624023042
-991006032393658369
-27394036
-839436895893487616
-918216500691030017
-847505964689379328
-1633853574
-16025990
1968962180
-15228276
-207579675
-3824987045
-361109856
-21393
-16713948
-1410469838
-58504135
-22485748
-242907470
-47098558
-21111896
-24387882
-376403603
-44503856
-106821763
-27924836
-18125878
-25624769
-49609323
24822993
-1000358992139509765
-515846981
-897144981521133568
-812135885328236551
-1661201808
-940409602155282432
-264361128
-558716737
-196555614
-36529101
-2281325286
-7702542
-827523329527541761
-401022871
-233000889
-736959136164806657
-2301990517
-745135695379914753
-990272527002812417
-93059852
27915028
-253637278
-399634891
-2661379823
-794232072223145984
-939985878201618432
-782302527412801536
-28468243
-786507714264440833
-6176772
-558322549
-20104539
-705468458553573376
-982397289208532992
-824691351102951424
-4765364386
-828047840656109569
-54885400
-798945991386955776
-190592520
-778687823004131329
983483059428261889
-304938088
-1170678056
-290441535
-118557437
-1697031530
-1940706086
-243494936
-399785332
-2742358413
-925652552
-18328676
-1350075145
-1287533456
-994383011335598080
-3993830234
-2971341142
-947823324624838656
-344836151
-948640906281852928
-402569348
2172895486
-2512854014
-700473200103202816
-15458287
-2499539132
-251309073
-850175239048790016
-3905055434
-89256533
-10748252
-2348901109
-328074249
-852632068664078337
-765571360458432512
-287368546
-12203522
-1603882129
-707790183022858240
-9027052
-349043558
-19270988
16103326
-29544317
-21326116
-334921581
-116994659
-523692041
-834081571493785600
-20110424
-251918778
-180535644
-138304042
-340613443
-96150201
-17583309
-17565514
-2619950906
-15204082
-202759893
-10168082
-103066233
-1969097227
1326005070
-244212645
-828799530439155712
-20545055
-171523769
-44401911
-171632862
-825813135424622594
-1442324136
-800086706678419456
-307982591
-405004997
-800707492346925056
-327862439
-123334719
-47233194
25073877
-2353605901
-17685258
-818927131883356161
-22703645
-56561449
-822215673812119553
-823367015830323201
-471672239
-20733972
-322293052
-720293443260456960
-2325495378
-245963716
-50769180
-22203756
-729676086632656900
-14669951
-475802156
-75541946
-41634520
2353605901
-23176276
-17980523
-247981000
-282695161
-28587919
-16157855
-21536398
-18266688
-27915028
-18005085
-36042554
-878247600096509952
-25365536
-807507356
-169686021
-372372537
-273542042
-249706317
-296382871
-819949184782630914
17685258
-822462665910063105
-25202268
-232901331
-1058807868
-963480595
-18166778
-54412900
-121836954
-471677441
-375686122
-3310061541
-862718426757779457
-334053327
-28628850
-27311044
-25101996
-14839147
-97040343
-12
818927131883356161
-2853601181
-102455692
-183310940
-873115441303924736
-121626258
-19455864
-17074440
-988573326376427520
-90480218
-472872558
-468122115
-316580588
-2448135692
-2332354080
-18313747
-122207745
-450941680
-919954735226073094
-47739450
-894748095619014656
22703645
-16336098
-33152005
-116341480
-53789862
-16076032
-25073877
-245441097
-2853461537
-2263438704
-1367531
-4795751938
-483036800
-42908090
-1602067826
-29242321
-30499212
-599817378
-292388879
-21613794
56561449
-901857120085213184
-739610364975808513
-695054484083470336
-91279573
-736959136164806657
-996822612587307008
-119491006
-2281325286
-832336297641512960
-275367178
-47293791
-58348452
-166751745
-812135885328236551
-480739373
-3547437435
-240378928
-241204643
822215673812119553
-834189214652760065
-840236394865930240
-818928162449068032
-822127086194348032
-826093318878670848
-818910970567344128
-818876014390603776
-822215679726100480
823367015830323201
-305370209
-24141542
-18277655
-606443380
-15212187
-408806531
-31577674
-52660746
-5202671
-343041182
-374019904
-318655979
-851526166100029442
-252751061
-1976143068
-18164420
471672239
-842072478834909184
-14293310
-106597684
-19611483
-54885400
-2248872301
-10126672
-115749048
-17629860
-8775672
-2359926157
-66369181
-43919633
-21010214
-46681100
-118756393
-18267548
-3223426134
-372536101
20733972
-130997057
-287843221
-52544275
-39344374
-108471631
-39349894
-620571475
-62173133
-60694349
-52800359
-28181835
-4569690923
-16097702
-59331128
-21307076
-14268812
322293052
-633067584
-8539242
-27776098
-286126794
-826132934
-14934818
-904839401527582721
-862315565188169728
-278985708
-2600226265
-3041422664
-52048833
-54387487
-502160196
-785366329
-2828212668
-570850361
-633966700
-254706866
-807245046026272768
720293443260456960
-19405487
-872899013527392258
-169475629
-144360870
-2214938128
-1393629139
-3248434713
-191726210
-369876329
-38471535
-261014695
-43375031
-798195585824104449
-1198111843
-4330756895
-733335574543794176
2325495378
-52430791
-455242664
-2975516921
-37637826
-605252309
-31432837
-1013399341
-237868759
-30948732
-358226078
-720610918355361794
-252043071
245963716
-606786438
-759251
-5988062
-3108351
-2097571
-428333
-5402612
-2467791
-742143
-51241574
-807095
-293244970
-19212009
50769180
-80937511
-2937476451
-26565946
-938576063025827840
-271452947
-3039421894
-28785486
-2164986385
-29458079
-201066140
-384910109
-14662354
-261430373
-2990632010
-453930077
22203756
-50075150
-65384160
-804883120193466368
-20776147
-599530439
-4121225056
-15416505
-2856787757
-2327983291
-360395108
729676086632656900
-236541422
-259001548
-20118767
-118784158
-67064945
-4764686473
-25413556
-159491661
-799764016885329921
-246871490
14669951
-247723476
-84457849
475802156
-271292940
-9763482
-941497699408457729
-21258337
-146569971
-246500501
-24578794
-292929271
-82447359
-82432490
75541946
-983766825610694656
-1323916370
-781374236
-3981225735
-2393323908
-1209417007
-18822612
-912759481766957057
-2687764388
-121574367
-405004997
-5509762
-37666984
-935148134505828353
-195271137
-712730920760029187
41634520
-1520637229
-1375684140
-838192795156426752
-19196615
-37287625
-20686232
-717373556355629056
-738080573365702657
-4559072897
-901664428617195521
-3313131787
-835794501067227136
-18723692
-21586418
-3294942553
-804774562982461441
-107186754
-50462805
